eip:3409
0 0 10299
31 41 59
26 53 58
97 93 23
84 62 64
33 83 0
0 0 0
0 0 0
0 0 0
0 0 0
0 0 0
0 0 139
92 174 141
148 107 212
188 132 132
176 115 66
93 0 0
0 0 0
0 0 0
0 0 0
0 0 0
0 0 0
0 10406 10409
70 82 82
73 10409 82
76 83 83
79 10409 83
82 10411 10411
85 92 92
88 10409 92
91 10408 10411
94 10408 10408
97 10409 10408
100 10357 10409
103 10406 10409
106 118 118
109 10409 118
112 119 119
115 10409 119
118 10415 10415
121 128 128
124 10409 128
127 10399 10415
130 10406 10409
133 145 145
136 10409 145
139 146 146
142 10409 146
145 10416 10416
148 155 155
151 10409 155
154 10400 10416
157 10406 10409
160 172 172
163 10409 172
166 173 173
169 10409 173
172 10417 10417
175 182 182
178 10409 182
181 10401 10417
184 10406 10409
187 199 199
190 10409 199
193 200 200
196 10409 200
199 10418 10418
202 209 209
205 10409 209
208 10402 10418
211 10399 10399
214 10400 10400
217 10395 10399
220 10336 10399
223 10399 10400
226 250 250
229 251 251
232 257 257
235 10400 10405
238 10405 250
241 10405 251
244 10405 257
247 10405 10405
250 3 3
253 10358 10405
256 10405 3
259 10405 10405
262 10399 10399
265 10400 10400
268 10395 10399
271 10406 10399
274 10399 10400
277 301 301
280 302 302
283 308 308
286 10400 10405
289 10405 301
292 10405 302
295 10405 308
298 10405 10405
301 4 4
304 10362 10405
307 10405 4
310 10405 10405
313 10399 10399
316 10400 10400
319 10395 10399
322 10352 10399
325 10399 10400
328 352 352
331 353 353
334 359 359
337 10400 10405
340 10405 352
343 10405 353
346 10405 359
349 10405 10405
352 5 5
355 10368 10405
358 10405 5
361 10405 10405
364 10399 10399
367 10400 10400
370 10395 10399
373 10357 10399
376 10399 10400
379 403 403
382 404 404
385 410 410
388 10400 10405
391 10405 403
394 10405 404
397 10405 410
400 10405 10405
403 6 6
406 10356 10405
409 10405 6
412 10405 10405
415 10399 10399
418 10400 10400
421 10395 10399
424 10361 10399
427 10399 10400
430 454 454
433 455 455
436 461 461
439 10400 10405
442 10405 454
445 10405 455
448 10405 461
451 10405 10405
454 7 7
457 10366 10405
460 10405 7
463 10405 10405
466 10399 10399
469 10400 10400
472 10395 10399
475 10365 10399
478 10399 10400
481 505 505
484 506 506
487 512 512
490 10400 10405
493 10405 505
496 10405 506
499 10405 512
502 10405 10405
505 8 8
508 10367 10405
511 10405 8
514 10405 10405
517 10399 10399
520 10400 10400
523 10395 10399
526 10369 10399
529 10399 10400
532 556 556
535 557 557
538 563 563
541 10400 10405
544 10405 556
547 10405 557
550 10405 563
553 10405 10405
556 9 9
559 10393 10405
562 10405 9
565 10405 10405
568 10399 10399
571 10400 10400
574 10395 10399
577 10373 10399
580 10399 10400
583 607 607
586 608 608
589 614 614
592 10400 10405
595 10405 607
598 10405 608
601 10405 614
604 10405 10405
607 10 10
610 10392 10405
613 10405 10
616 10405 10405
619 10399 10399
622 10400 10400
625 10395 10399
628 10380 10399
631 10399 10400
634 658 658
637 659 659
640 665 665
643 10400 10405
646 10405 658
649 10405 659
652 10405 665
655 10405 10405
658 11 11
661 10354 10405
664 10405 11
667 10405 10405
670 10399 10399
673 10400 10400
676 10395 10399
679 10390 10399
682 10399 10400
685 709 709
688 710 710
691 716 716
694 10400 10405
697 10405 709
700 10405 710
703 10405 716
706 10405 10405
709 12 12
712 10382 10405
715 10405 12
718 10405 10405
721 10399 10399
724 10400 10400
727 10395 10399
730 10337 10399
733 10399 10400
736 760 760
739 761 761
742 767 767
745 10400 10405
748 10405 760
751 10405 761
754 10405 767
757 10405 10405
760 13 13
763 10370 10405
766 10405 13
769 10405 10405
772 10399 10399
775 10400 10400
778 10395 10399
781 10340 10399
784 10399 10400
787 811 811
790 812 812
793 818 818
796 10400 10405
799 10405 811
802 10405 812
805 10405 818
808 10405 10405
811 14 14
814 10371 10405
817 10405 14
820 10405 10405
823 10399 10399
826 10400 10400
829 10395 10399
832 10342 10399
835 10399 10400
838 862 862
841 863 863
844 869 869
847 10400 10405
850 10405 862
853 10405 863
856 10405 869
859 10405 10405
862 15 15
865 10359 10405
868 10405 15
871 10405 10405
874 10399 10399
877 10400 10400
880 10395 10399
883 10343 10399
886 10399 10400
889 913 913
892 914 914
895 920 920
898 10400 10405
901 10405 913
904 10405 914
907 10405 920
910 10405 10405
913 16 16
916 10381 10405
919 10405 16
922 10405 10405
925 10399 10399
928 10400 10400
931 10396 10399
934 10336 10399
937 10399 10400
940 964 964
943 965 965
946 971 971
949 10400 10405
952 10405 964
955 10405 965
958 10405 971
961 10405 10405
964 35 35
967 10345 10405
970 10405 35
973 10405 10405
976 10399 10399
979 10400 10400
982 10396 10399
985 10406 10399
988 10399 10400
991 1015 1015
994 1016 1016
997 1022 1022
1000 10400 10405
1003 10405 1015
1006 10405 1016
1009 10405 1022
1012 10405 10405
1015 36 36
1018 10391 10405
1021 10405 36
1024 10405 10405
1027 10399 10399
1030 10400 10400
1033 10396 10399
1036 10352 10399
1039 10399 10400
1042 1066 1066
1045 1067 1067
1048 1073 1073
1051 10400 10405
1054 10405 1066
1057 10405 1067
1060 10405 1073
1063 10405 10405
1066 37 37
1069 10349 10405
1072 10405 37
1075 10405 10405
1078 10399 10399
1081 10400 10400
1084 10396 10399
1087 10357 10399
1090 10399 10400
1093 1117 1117
1096 1118 1118
1099 1124 1124
1102 10400 10405
1105 10405 1117
1108 10405 1118
1111 10405 1124
1114 10405 10405
1117 38 38
1120 10347 10405
1123 10405 38
1126 10405 10405
1129 10399 10399
1132 10400 10400
1135 10396 10399
1138 10361 10399
1141 10399 10400
1144 1168 1168
1147 1169 1169
1150 1175 1175
1153 10400 10405
1156 10405 1168
1159 10405 1169
1162 10405 1175
1165 10405 10405
1168 39 39
1171 10348 10405
1174 10405 39
1177 10405 10405
1180 10399 10399
1183 10400 10400
1186 10396 10399
1189 10365 10399
1192 10399 10400
1195 1219 1219
1198 1220 1220
1201 1226 1226
1204 10400 10405
1207 10405 1219
1210 10405 1220
1213 10405 1226
1216 10405 10405
1219 40 40
1222 10339 10405
1225 10405 40
1228 10405 10405
1231 10399 10399
1234 10400 10400
1237 10396 10399
1240 10369 10399
1243 10399 10400
1246 1270 1270
1249 1271 1271
1252 1277 1277
1255 10400 10405
1258 10405 1270
1261 10405 1271
1264 10405 1277
1267 10405 10405
1270 41 41
1273 10353 10405
1276 10405 41
1279 10405 10405
1282 10399 10399
1285 10400 10400
1288 10396 10399
1291 10373 10399
1294 10399 10400
1297 1321 1321
1300 1322 1322
1303 1328 1328
1306 10400 10405
1309 10405 1321
1312 10405 1322
1315 10405 1328
1318 10405 10405
1321 42 42
1324 10351 10405
1327 10405 42
1330 10405 10405
1333 10399 10399
1336 10400 10400
1339 10396 10399
1342 10380 10399
1345 10399 10400
1348 1372 1372
1351 1373 1373
1354 1379 1379
1357 10400 10405
1360 10405 1372
1363 10405 1373
1366 10405 1379
1369 10405 10405
1372 43 43
1375 10344 10405
1378 10405 43
1381 10405 10405
1384 10399 10399
1387 10400 10400
1390 10396 10399
1393 10390 10399
1396 10399 10400
1399 1423 1423
1402 1424 1424
1405 1430 1430
1408 10400 10405
1411 10405 1423
1414 10405 1424
1417 10405 1430
1420 10405 10405
1423 44 44
1426 10344 10405
1429 10405 44
1432 10405 10405
1435 10399 10399
1438 10400 10400
1441 10396 10399
1444 10337 10399
1447 10399 10400
1450 1474 1474
1453 1475 1475
1456 1481 1481
1459 10400 10405
1462 10405 1474
1465 10405 1475
1468 10405 1481
1471 10405 10405
1474 45 45
1477 10350 10405
1480 10405 45
1483 10405 10405
1486 10399 10399
1489 10400 10400
1492 10396 10399
1495 10340 10399
1498 10399 10400
1501 1525 1525
1504 1526 1526
1507 1532 1532
1510 10400 10405
1513 10405 1525
1516 10405 1526
1519 10405 1532
1522 10405 10405
1525 46 46
1528 10341 10405
1531 10405 46
1534 10405 10405
1537 10399 10399
1540 10400 10400
1543 10396 10399
1546 10342 10399
1549 10399 10400
1552 1576 1576
1555 1577 1577
1558 1583 1583
1561 10400 10405
1564 10405 1576
1567 10405 1577
1570 10405 1583
1573 10405 10405
1576 47 47
1579 10372 10405
1582 10405 47
1585 10405 10405
1588 10399 10399
1591 10400 10400
1594 10396 10399
1597 10343 10399
1600 10399 10400
1603 1627 1627
1606 1628 1628
1609 1634 1634
1612 10400 10405
1615 10405 1627
1618 10405 1628
1621 10405 1634
1624 10405 10405
1627 48 48
1630 10392 10405
1633 10405 48
1636 10405 10405
1639 10399 10399
1642 10400 10400
1645 10408 10399
1648 10357 10399
1651 10399 10400
1654 1678 1678
1657 1679 1679
1660 1685 1685
1663 10400 10405
1666 10405 1678
1669 10405 1679
1672 10405 1685
1675 10405 10405
1678 10414 10414
1681 10406 10405
1684 10405 10414
1687 10405 10405
1690 10399 10399
1693 10400 10400
1696 10408 10399
1699 10406 10399
1702 10399 10400
1705 1729 1729
1708 1730 1730
1711 1736 1736
1714 10400 10405
1717 10405 1729
1720 10405 1730
1723 10405 1736
1726 10405 10405
1729 10412 10412
1732 10336 10405
1735 10405 10412
1738 10405 10405
1741 10400 10400
1744 10399 10399
1747 10408 10400
1750 10406 10400
1753 10400 10399
1756 10400 10400
1759 10401 10401
1762 1774 1774
1765 10399 10405
1768 10405 1774
1771 10405 10405
1774 10412 10400
1777 10400 10401
1780 10399 10399
1783 10346 10405
1786 10405 10399
1789 10405 10405
1792 10401 10399
1795 10405 10399
2685 10406 10409
1801 1813 1813
1804 10409 1813
1807 1814 1814
1810 10409 1814
1813 10419 10419
1816 1823 1823
1819 10409 1823
1822 1825 10419
3346 1826 10400
10400 1829 10407
10400 1832 10404
10409 1835 10401
10401 1838 10402
10402 1841 10408
10401 1844 10352
10401 1847 10401
10402 1850 1874
1874 1853 1875
1875 1856 1881
1881 1859 10402
10405 1862 10405
1874 1865 10405
1875 1868 10405
1881 1871 10405
10405 1874 0
0 1877 10400
10405 1880 10405
0 1883 10405
10405 1886 10406
10409 1889 1901
1901 1892 10409
1901 1895 1902
1902 1898 10409
1902 1901 0
0 1904 1914
1914 1907 10409
1914 1910 10355
10405 1913 10405
0 1916 10405
10405 1919 10399
10399 1922 10400
10400 1925 10408
10399 1928 10352
10399 1931 10399
10400 1934 10399
10399 1937 10401
10401 1940 1952
1952 1943 10400
10405 1946 10405
1952 1949 10405
10405 1952 0
10399 1955 10399
10401 1958 10400
10400 1961 10399
10399 1964 10408
10400 1967 10406
10400 1970 10400
10399 1973 10400
10400 1976 10402
10402 1979 1991
1991 1982 10399
10405 1985 10405
1991 1988 10405
10405 1991 0
10400 1994 10400
10402 1997 10399
10399 2000 10400
10400 2003 10395
10399 2006 10402
10399 2009 10399
10400 2012 10399
10399 2015 10402
10402 2018 2030
2030 2021 10400
10405 2024 10405
2030 2027 10405
10405 2030 0
10399 2033 10399
10402 2036 10400
10400 2039 10399
10399 2042 10401
10400 2045 10402
10400 2048 10400
10399 2051 10406
10409 2054 2066
2066 2057 10409
2066 2060 2067
2067 2063 10409
2067 2066 0
0 2069 2079
2079 2072 10409
2079 2075 10399
10405 2078 10405
0 2081 10405
10405 2084 10406
10409 2087 2099
2099 2090 10409
2099 2093 2100
2100 2096 10409
2100 2099 0
0 2102 2109
2109 2105 10409
2109 2108 2111
0 3472 2112
10399 10399 2115
10407 10399 2118
10334 10409 2121
10400 10400 2124
10402 10402 2127
10408 10400 2130
10406 10400 2133
10400 10402 2136
10400 10400 2139
10401 10401 2142
2154 2154 2145
10402 10405 2148
10405 2154 2151
10405 10405 2154
0 10400 2157
10400 10401 2160
10402 10402 2163
10400 10400 2166
10395 10402 2169
10401 10402 2172
10402 10400 2175
2199 2199 2178
2200 2200 2181
2206 2206 2184
10400 10405 2187
10405 2199 2190
10405 2200 2193
10405 2206 2196
10405 10405 2199
0 0 2202
10399 10405 2205
10405 0 2208
10405 10405 2211
10399 10399 2214
10400 10400 2217
10408 10399 2220
10406 10399 2223
10399 10400 2226
10399 10399 2229
10401 10401 2232
2244 2244 2235
10400 10405 2238
10405 2244 2241
10405 10405 2244
0 10399 2247
10399 10401 2250
10400 10400 2253
10399 10399 2256
10395 10400 2259
10401 10400 2262
10400 10399 2265
10400 10400 2268
10401 10401 2271
2283 2283 2274
10399 10405 2277
10405 2283 2280
10405 10405 2283
0 10400 2286
10400 10401 2289
10399 10399 2292
10400 10400 2295
10408 10399 2298
10406 10399 2301
10399 10400 2304
10399 10399 2307
10402 10402 2310
2322 2322 2313
10400 10405 2316
10405 2322 2319
10405 10405 2322
0 10399 2325
10399 10402 2328
10400 10400 2331
10399 10399 2334
10396 10400 2337
10402 10400 2340
10400 10399 2343
10400 10400 2346
10402 10402 2349
2361 2361 2352
10399 10405 2355
10405 2361 2358
10405 10405 2361
0 10400 2364
10400 10402 2367
10399 10399 2370
10401 10405 2373
10405 10399 2376
10402 10399 2382
10405 10405 2397
10405 10405 2385
10399 10405 2397
10405 10405 2391
10399 10399 2394
10404 10399 2397
10405 10399 2451
10399 10399 2403
10400 10400 2406
10408 10399 2409
10357 10399 2412
10399 10400 2415
2439 2439 2418
2440 2440 2421
2446 2446 2424
10400 10405 2427
10405 2439 2430
10405 2440 2433
10405 2446 2436
10405 10405 2439
0 0 2442
10336 10405 2445
10405 0 2448
10405 10405 2451
10399 10399 2454
10400 10400 2457
10408 10399 2460
10352 10399 2463
10399 10400 2466
10399 10399 2469
10401 10401 2472
2484 2484 2475
10400 10405 2478
10405 2484 2481
10405 10405 2484
0 10399 2487
10399 10401 2490
10400 10400 2493
10399 10399 2496
10408 10400 2499
10406 10400 2502
10400 10399 2505
10400 10400 2508
10402 10402 2511
2523 2523 2514
10399 10405 2517
10405 2523 2520
10405 10405 2523
0 10400 2526
10400 10402 2529
10399 10399 2532
10400 10400 2535
10396 10399 2538
10402 10399 2541
10399 10400 2544
2568 2568 2547
2569 2569 2550
2575 2575 2553
10400 10405 2556
10405 2568 2559
10405 2569 2562
10405 2575 2565
10405 10405 2568
0 0 2571
10401 10405 2574
10405 0 2577
10405 10405 2580
10399 10399 2583
10400 10400 2586
10408 10399 2589
10352 10399 2592
10399 10400 2595
10399 10399 2598
10401 10401 2601
2613 2613 2604
10400 10405 2607
10405 2613 2610
10405 10405 2613
0 10399 2616
10399 10401 2619
10400 10400 2622
10401 10405 2625
10405 10400 2628
10405 10405 2631
10337 10400 2637
10400 10400 2646
10400 10405 2643
10405 10405 2646
10404 10400 2646
10405 10400 2652
10405 10405 2685
10401 10401 2655
10400 10400 2658
10408 10401 2661
10406 10401 2664
10401 10400 2667
10400 10405 2670
2680 2680 2673
10405 2680 2676
10405 10405 2679
10404 0 2682
10405 10405 1741
10399 10399 2688
10400 10400 2691
10408 10399 2694
10357 10399 2697
10399 10400 2700
10399 10399 2703
10401 10401 2706
2718 2718 2709
10400 10405 2712
10405 2718 2715
10405 10405 2718
0 10399 2721
10399 10401 2724
10400 10400 2727
10401 10405 2730
10405 10400 2736
10405 10405 2745
10405 10405 2739
10401 10400 2742
10401 10400 2745
10401 10401 2748
10400 10401 2751
10404 10401 2754
10405 10401 2830
10406 10409 2760
2772 2772 2763
10409 2772 2766
2773 2773 2769
10409 2773 2772
0 0 2775
2785 2785 2778
10409 2785 2781
10397 10405 2784
10405 0 2787
10405 10405 2790
10406 10409 2793
2805 2805 2796
10409 2805 2799
2806 2806 2802
10409 2806 2805
0 0 2808
2815 2815 2811
10409 2815 2814
2817 0 4760
2818 10333 10409
2821 10407 10407
2824 10406 10407
2827 10405 10405
3250 10406 10409
2833 2845 2845
2836 10409 2845
2839 2846 2846
2842 10409 2846
2845 0 0
2848 2858 2858
2851 10409 2858
2854 10398 10405
2857 10405 0
2860 10405 10405
2863 10406 10409
2866 2878 2878
2869 10409 2878
2872 2879 2879
2875 10409 2879
2878 0 0
2881 2888 2888
2884 10409 2888
2887 2890 0
4760 2891 10333
10409 2894 10399
10399 2897 10400
10400 2900 10408
10399 2903 10406
10399 2906 10399
10400 2909 2933
2933 2912 2934
2934 2915 2940
2940 2918 10400
10405 2921 10405
2933 2924 10405
2934 2927 10405
2940 2930 10405
10405 2933 0
0 2936 10336
10405 2939 10405
0 2942 10405
10405 2945 10400
10400 2948 10399
10399 2951 10408
10400 2954 10406
10400 2957 10400
10399 2960 10400
10400 2963 10401
10401 2966 2978
2978 2969 10399
10405 2972 10405
2978 2975 10405
10405 2978 0
10400 2981 10400
10401 2984 10399
10399 2987 10346
10405 2990 10405
10399 2993 10405
10405 2996 10401
10399 2999 10405
10399 3177 10400
10400 3005 10401
10401 3008 10408
10400 3011 10406
10400 3014 10400
10401 3017 10400
10400 3020 10402
10402 3023 3035
3035 3026 10401
10405 3029 10405
3035 3032 10405
10405 3035 0
10400 3038 10400
10402 3041 10401
10401 3044 10400
10400 3047 10396
10401 3050 10402
10401 3053 10401
10400 3056 10401
10401 3059 10402
10402 3062 3074
3074 3065 10400
10405 3068 10405
3074 3071 10405
10405 3074 0
10401 3077 10401
10402 3080 10406
10409 3083 3095
3095 3086 10409
3095 3089 3096
3096 3092 10409
3096 3095 0
0 3098 3108
3108 3101 10409
3108 3104 10402
10405 3107 10405
0 3110 10405
10405 3113 10406
10409 3116 3128
3128 3119 10409
3128 3122 3129
3129 3125 10409
3129 3128 0
0 3131 3138
3138 3134 10409
3138 3137 3140
0 6463 3141
10333 10409 3144
10401 10401 3147
10400 10400 3150
10408 10401 3153
10406 10401 3156
10401 10400 3159
10400 10405 3162
3172 3172 3165
10405 3172 3168
10405 10405 3171
10404 0 3174
10405 10405 2945
10406 10409 3180
3192 3192 3183
10409 3192 3186
3193 3193 3189
10409 3193 3192
0 0 3195
3205 3205 3198
10409 3205 3201
10337 10405 3204
10405 0 3207
10405 10405 3210
10406 10409 3213
3225 3225 3216
10409 3225 3219
3226 3226 3222
10409 3226 3225
0 0 3228
3235 3235 3231
10409 3235 3234
3237 0 6463
3238 10333 10409
3241 10407 10407
3244 10336 10407
3247 10405 10405
3250 3259 3259
3253 10409 3259
3256 10402 10402
3259 0 10402
3262 10404 10409
3265 3274 3274
3268 10409 3274
3271 10401 10401
3274 0 10401
3277 10404 10409
3280 3289 3289
3283 10409 3289
3286 10400 10400
3289 0 10400
3292 10404 10409
3295 3304 3304
3298 10409 3304
3301 10399 10399
3304 0 10399
3307 10404 10409
3310 10409 10409
3313 10408 10409
3316 3325 3325
3319 10409 3325
3322 10408 10408
3325 0 10408
3328 10404 10409
3331 3340 3340
3334 10409 3340
3337 3345 3345
3340 0 3345
3343 10405 10405
0 10406 10409
3349 3361 3361
3352 10409 3361
3355 3362 3362
3358 10409 3362
3361 10420 10420
3364 3371 3371
3367 10409 3371
3370 10408 10420
3373 10408 10408
3376 10409 10408
3379 10406 10409
3382 3394 3394
3385 10409 3394
3388 3395 3395
3391 10409 3395
3394 10421 10421
3397 3404 3404
3400 10409 3404
3403 10399 10421
3406 10399 10399
3409 -1 10399
3412 10407 10407
3415 10399 10407
3418 10405 10405
3421 3430 3430
3424 10409 3430
3427 10399 10399
3430 0 10399
3433 10404 10409
3436 10409 10409
3439 10408 10409
3442 3451 3451
3445 10409 3451
3448 10408 10408
3451 0 10408
3454 10404 10409
3457 3466 3466
3460 10409 3466
3463 3471 3471
3466 0 3471
3469 10405 10405
0 10406 10409
3475 3487 3487
3478 10409 3487
3481 3488 3488
3484 10409 3488
3487 0 0
3490 3497 3497
3493 10409 3497
3496 10408 0
3499 10408 10408
3502 10409 10408
3505 10352 10409
3508 10406 10409
3511 3523 3523
3514 10409 3523
3517 3524 3524
3520 10409 3524
3523 0 0
3526 3533 3533
3529 10409 3533
3532 10399 0
3535 10406 10409
3538 3550 3550
3541 10409 3550
3544 3551 3551
3547 10409 3551
3550 0 0
3553 3560 3560
3556 10409 3560
3559 10400 0
3562 10406 10409
3565 3577 3577
3568 10409 3577
3571 3578 3578
3574 10409 3578
3577 0 0
3580 3587 3587
3583 10409 3587
3586 10401 0
3589 10406 10409
3592 3604 3604
3595 10409 3604
3598 3605 3605
3601 10409 3605
3604 0 0
3607 3614 3614
3610 10409 3614
3613 10402 0
3616 10399 10399
3619 10400 10400
3622 10408 10399
3625 10406 10399
3628 10399 10400
3631 3655 3655
3634 3656 3656
3637 3662 3662
3640 10400 10405
3643 10405 3655
3646 10405 3656
3649 10405 3662
3652 10405 10405
3655 0 0
3658 10406 10405
3661 10405 0
3664 10405 10405
3667 10400 10400
3670 10399 10399
3673 10408 10400
3676 10352 10400
3679 10400 10399
3682 3706 3706
3685 3707 3707
3688 3713 3713
3691 10399 10405
3694 10405 3706
3697 10405 3707
3700 10405 3713
3703 10405 10405
3706 0 0
3709 10336 10405
3712 10405 0
3715 10405 10405
3718 10399 10399
3721 10400 10400
3724 10408 10399
3727 10333 10399
3730 10399 10400
3733 10399 10399
3736 10401 10401
3739 3751 3751
3742 10400 10405
3745 10405 3751
3748 10405 10405
3751 0 10399
3754 10399 10401
3757 10400 10400
3760 10336 10405
3763 10405 10400
3766 10405 10405
3769 10401 10400
3772 10405 10400
3967 10399 10399
3778 10400 10400
3781 10408 10399
3784 10333 10399
3787 10399 10400
3790 10399 10399
3793 10401 10401
3796 3808 3808
3799 10400 10405
3802 10405 3808
3805 10405 10405
3808 0 10399
3811 10399 10401
3814 10400 10400
3817 10401 10400
3820 10401 10401
3823 10399 10399
3826 10408 10401
3829 10333 10401
3832 10401 10399
3835 3859 3859
3838 3860 3860
3841 3866 3866
3844 10399 10405
3847 10405 3859
3850 10405 3860
3853 10405 3866
3856 10405 10405
3859 0 0
3862 10400 10405
3865 10405 0
3868 10405 10405
3871 10399 10399
3874 10400 10400
3877 10408 10399
3880 10406 10399
3883 10399 10400
3886 10399 10399
3889 10401 10401
3892 3904 3904
3895 10400 10405
3898 10405 3904
3901 10405 10405
3904 0 10399
3907 10399 10401
3910 10400 10400
3913 10401 10400
3916 10401 10401
3919 10399 10399
3922 10408 10401
3925 10406 10401
3928 10401 10399
3931 3955 3955
3934 3956 3956
3937 3962 3962
3940 10399 10405
3943 10405 3955
3946 10405 3956
3949 10405 3962
3952 10405 10405
3955 0 0
3958 10400 10405
3961 10405 0
3964 10405 10405
3967 10399 10399
3970 10400 10400
3973 10408 10399
3976 10334 10399
3979 10399 10400
3982 10399 10399
3985 10401 10401
3988 4000 4000
3991 10400 10405
3994 10405 4000
3997 10405 10405
4000 0 10399
4003 10399 10401
4006 10400 10400
4009 10336 10405
4012 10405 10400
4015 10405 10405
4018 10401 10400
4021 10405 10400
4216 10399 10399
4027 10400 10400
4030 10408 10399
4033 10334 10399
4036 10399 10400
4039 10399 10399
4042 10401 10401
4045 4057 4057
4048 10400 10405
4051 10405 4057
4054 10405 10405
4057 0 10399
4060 10399 10401
4063 10400 10400
4066 10401 10400
4069 10401 10401
4072 10399 10399
4075 10408 10401
4078 10334 10401
4081 10401 10399
4084 4108 4108
4087 4109 4109
4090 4115 4115
4093 10399 10405
4096 10405 4108
4099 10405 4109
4102 10405 4115
4105 10405 10405
4108 0 0
4111 10400 10405
4114 10405 0
4117 10405 10405
4120 10399 10399
4123 10400 10400
4126 10408 10399
4129 10406 10399
4132 10399 10400
4135 10399 10399
4138 10401 10401
4141 4153 4153
4144 10400 10405
4147 10405 4153
4150 10405 10405
4153 0 10399
4156 10399 10401
4159 10400 10400
4162 10401 10400
4165 10401 10401
4168 10399 10399
4171 10408 10401
4174 10406 10401
4177 10401 10399
4180 4204 4204
4183 4205 4205
4186 4211 4211
4189 10399 10405
4192 10405 4204
4195 10405 4205
4198 10405 4211
4201 10405 10405
4204 0 0
4207 10400 10405
4210 10405 0
4213 10405 10405
4216 10399 10399
4219 10400 10400
4222 10408 10399
4225 10334 10399
4228 10399 10400
4231 10399 10399
4234 10401 10401
4237 4249 4249
4240 10400 10405
4243 10405 4249
4246 10405 10405
4249 0 10399
4252 10399 10401
4255 10400 10400
4258 10406 10405
4261 10405 10400
4264 10405 10405
4267 10401 10400
4270 10405 10400
4282 10407 10407
4276 10336 10407
4279 10405 10405
4664 10399 10399
4285 10400 10400
4288 10408 10399
4291 10352 10399
4294 10399 10400
4297 10406 10409
4300 4312 4312
4303 10409 4312
4306 4313 4313
4309 10409 4313
4312 0 0
4315 4325 4325
4318 10409 4325
4321 10400 10405
4324 10405 0
4327 10405 10405
4330 10400 10400
4333 10399 10399
4336 10408 10400
4339 10334 10400
4342 10400 10399
4345 10400 10400
4348 10401 10401
4351 4363 4363
4354 10399 10405
4357 10405 4363
4360 10405 10405
4363 0 10400
4366 10400 10401
4369 10406 10409
4372 4384 4384
4375 10409 4384
4378 4385 4385
4381 10409 4385
4384 0 0
4387 4397 4397
4390 10409 4397
4393 10401 10405
4396 10405 0
4399 10405 10405
4402 10401 10401
4405 10399 10399
4408 10408 10401
4411 10333 10401
4414 10401 10399
4417 10401 10401
4420 10400 10400
4423 4435 4435
4426 10399 10405
4429 10405 4435
4432 10405 10405
4435 0 10401
4438 10401 10400
4441 10406 10409
4444 4456 4456
4447 10409 4456
4450 4457 4457
4453 10409 4457
4456 0 0
4459 4469 4469
4462 10409 4469
4465 10400 10405
4468 10405 0
4471 10405 10405
4474 10406 10409
4477 4489 4489
4480 10409 4489
4483 4490 4490
4486 10409 4490
4489 0 0
4492 4499 4499
4495 10409 4499
4498 4501 0
6709 4502 10335
10409 4505 10400
10400 4508 10399
10399 4511 10408
10400 4514 10406
10400 4517 10400
10399 4520 10400
10400 4523 10402
10402 4526 4538
4538 4529 10399
10405 4532 10405
4538 4535 10405
10405 4538 0
10400 4541 10400
10402 4544 10399
10399 4547 10402
10405 4550 10405
10399 4553 10405
10405 4556 10336
10399 4559 10405
10399 4610 10399
10399 4565 10400
10400 4568 10408
10399 4571 10352
10399 4574 10399
10400 4577 10399
10399 4580 10401
10401 4583 4595
4595 4586 10400
10405 4589 10405
4595 4592 10405
10405 4595 0
10399 4598 10399
10401 4601 10407
10407 4604 10401
10407 4607 10405
10405 4664 10399
10399 4613 10400
10400 4616 10408
10399 4619 10352
10399 4622 10399
10400 4625 10399
10399 4628 10401
10401 4631 4643
4643 4634 10400
10405 4637 10405
4643 4640 10405
10405 4643 0
10399 4646 10399
10401 4649 10400
10400 4652 10401
10400 4655 10407
10407 4658 10400
10407 4661 10405
10405 4664 4673
4673 4667 10409
4673 4670 10402
10402 4673 0
10402 4676 10404
10409 4679 4688
4688 4682 10409
4688 4685 10401
10401 4688 0
10401 4691 10404
10409 4694 4703
4703 4697 10409
4703 4700 10400
10400 4703 0
10400 4706 10404
10409 4709 4718
4718 4712 10409
4718 4715 10399
10399 4718 0
10399 4721 10404
10409 4724 10409
10409 4727 10408
10409 4730 4739
4739 4733 10409
4739 4736 10408
10408 4739 0
10408 4742 10404
10409 4745 4754
4754 4748 10409
4754 4751 4759
4759 4754 0
4759 4757 10405
10405 0 10406
10409 4763 4775
4775 4766 10409
4775 4769 4776
4776 4772 10409
4776 4775 0
0 4778 4785
4785 4781 10409
4785 4784 10408
0 4787 10408
10408 4790 10409
10408 4793 10352
10409 4796 10406
10409 4799 4811
4811 4802 10409
4811 4805 4812
4812 4808 10409
4812 4811 0
0 4814 4821
4821 4817 10409
4821 4820 10399
0 4823 10406
10409 4826 4838
4838 4829 10409
4838 4832 4839
4839 4835 10409
4839 4838 0
0 4841 4848
4848 4844 10409
4848 4847 10400
0 4850 10406
10409 4853 4865
4865 4856 10409
4865 4859 4866
4866 4862 10409
4866 4865 0
0 4868 4875
4875 4871 10409
4875 4874 10401
0 4877 10406
10409 4880 4892
4892 4883 10409
4892 4886 4893
4893 4889 10409
4893 4892 0
0 4895 4902
4902 4898 10409
4902 4901 10402
0 4904 10399
10399 4907 10400
10400 4910 10408
10399 4913 10406
10399 4916 10399
10400 4919 4943
4943 4922 4944
4944 4925 4950
4950 4928 10400
10405 4931 10405
4943 4934 10405
4944 4937 10405
4950 4940 10405
10405 4943 0
0 4946 10336
10405 4949 10405
0 4952 10405
10405 4955 10399
10399 4958 10400
10400 4961 10408
10399 4964 10352
10399 4967 10399
10400 4970 4994
4994 4973 4995
4995 4976 5001
5001 4979 10400
10405 4982 10405
4994 4985 10405
4995 4988 10405
5001 4991 10405
10405 4994 0
0 4997 10336
10405 5000 10405
0 5003 10405
10405 5006 10400
10400 5009 10399
10399 5012 10408
10400 5015 10406
10400 5018 10400
10399 5021 10399
10405 5024 5034
5034 5027 10405
5034 5030 10405
10405 5033 10404
0 5036 10399
10399 5039 10400
10400 5042 10408
10399 5045 10333
10399 5048 10399
10400 5051 10399
10399 5054 10401
10401 5057 5069
5069 5060 10400
10405 5063 10405
5069 5066 10405
10405 5069 0
10399 5072 10399
10401 5075 10400
10400 5078 10399
10399 5081 5093
5093 5084 10401
10405 5087 10405
5093 5090 10405
10405 5093 0
10400 5096 10400
10399 5099 10401
10401 5102 10399
10405 5105 10405
10401 5111 10405
10405 5120 10405
10405 5114 10399
10401 5117 10399
10401 5120 10405
10401 6304 10399
10399 5126 10400
10400 5129 10408
10399 5132 10333
10399 5135 10399
10400 5138 10399
10399 5141 10401
10401 5144 5156
5156 5147 10400
10405 5150 10405
5156 5153 10405
10405 5156 0
10399 5159 10399
10401 5162 10400
10400 5165 10399
10399 5168 5180
5180 5171 10401
10405 5174 10405
5180 5177 10405
10405 5180 0
10400 5183 10400
10399 5186 10401
10401 5189 10399
10405 5192 10405
10401 5195 10360
10401 5201 10405
10405 5216 10405
10405 5204 10401
10405 5216 10405
10405 5210 10401
10401 5213 10404
10401 5216 10405
10401 5288 10400
10400 5222 10399
10399 5225 10408
10400 5228 10333
10400 5231 10400
10399 5234 10400
10400 5237 10402
10402 5240 5252
5252 5243 10399
10405 5246 10405
5252 5249 10405
10405 5252 0
10400 5255 10400
10402 5258 10399
10399 5261 10400
10400 5264 5276
5276 5267 10402
10405 5270 10405
5276 5273 10405
10405 5276 0
10399 5279 10399
10400 5282 10400
-1 5285 10405
10405 6271 10399
10399 5291 10400
10400 5294 10408
10399 5297 10333
10399 5300 10399
10400 5303 10400
10405 5306 5316
5316 5309 10405
5316 5312 10405
10405 5315 10404
0 5318 10399
10399 5321 10400
10400 5324 10408
10399 5327 10333
10399 5330 10399
10400 5333 10399
10399 5336 10402
10402 5339 5351
5351 5342 10400
10405 5345 10405
5351 5348 10405
10405 5351 0
10399 5354 10399
10402 5357 10400
10400 5360 10399
10399 5363 5375
5375 5366 10402
10405 5369 10405
5375 5372 10405
10405 5375 0
10400 5378 10400
10399 5381 10402
10402 5384 10399
10405 5387 10405
10402 5390 10405
10405 5393 10360
10402 5399 10402
10402 5408 10402
10405 5405 10405
10405 5408 10404
10402 5408 10405
10402 5417 10360
-1 5414 10405
10405 6271 10400
10400 5420 10402
10402 5423 10408
10400 5426 10333
10400 5429 10400
10402 5432 10400
10400 5435 10399
10399 5438 5450
5450 5441 10402
10405 5444 10405
5450 5447 10405
10405 5450 0
10400 5453 10400
10399 5456 10402
10402 5459 10400
10400 5462 5474
5474 5465 10399
10405 5468 10405
5474 5471 10405
10405 5474 0
10402 5477 10402
10400 5480 10399
10399 5483 10400
10405 5486 10405
10399 5489 10405
10405 5492 10394
10399 5498 10399
10399 5507 10399
10405 5504 10405
10405 5507 10404
10399 5507 10405
10399 5624 10399
10399 5513 10400
10400 5516 10408
10399 5519 10333
10399 5522 10399
10400 5525 10399
10399 5528 10401
10401 5531 10408
10399 5534 10352
10399 5537 10399
10401 5540 10401
10405 5543 5553
5553 5546 10405
5553 5549 10405
10405 5552 10404
0 5555 10399
10399 5558 10402
10402 5561 5573
5573 5564 10401
10405 5567 10405
5573 5570 10405
10405 5573 0
10399 5576 10399
10402 5579 10401
10401 5582 10400
10405 5585 10405
10401 5588 10405
10405 5591 10402
10401 5594 10402
10402 5597 10400
10400 5600 5612
5612 5603 10401
10405 5606 10405
5612 5609 10405
10405 5612 0
10402 5615 10402
10400 5618 10400
-1 5621 10405
10405 6271 10402
10402 5627 10399
10399 5630 10408
10402 5633 10333
10402 5636 10402
10399 5639 10402
10402 5642 10400
10400 5645 5657
5657 5648 10399
10405 5651 10405
5657 5654 10405
10405 5657 0
10402 5660 10402
10400 5663 10399
10399 5666 10402
10402 5669 5681
5681 5672 10400
10405 5675 10405
5681 5678 10405
10405 5681 0
10399 5684 10399
10402 5687 10400
10400 5690 10402
10405 5693 10405
10400 5696 10405
10405 5699 10341
10400 5705 10400
10400 5714 10400
10405 5711 10405
10405 5714 10404
10400 5714 10405
10400 5949 10400
10400 5720 10401
10401 5723 10408
10400 5726 10333
10400 5729 10400
10401 5732 10400
10400 5735 10402
10402 5738 10408
10400 5741 10352
10400 5744 10400
10402 5747 10402
10405 5750 5760
5760 5753 10405
5760 5756 10405
10405 5759 10404
0 5762 10400
10400 5765 10399
10399 5768 5780
5780 5771 10402
10405 5774 10405
5780 5777 10405
10405 5780 0
10400 5783 10400
10399 5786 10402
10402 5789 10401
10405 5792 10405
10402 5795 10405
10405 5798 10399
10402 5801 10399
10399 5804 10401
10401 5807 5819
5819 5810 10402
10405 5813 10405
5819 5816 10405
10405 5819 0
10399 5822 10399
10401 5825 10406
10409 5828 5840
5840 5831 10409
5840 5834 5841
5841 5837 10409
5841 5840 0
0 5843 5853
5853 5846 10409
5853 5849 10401
10405 5852 10405
0 5855 10405
10405 5858 10406
10409 5861 5873
5873 5864 10409
5873 5867 5874
5874 5870 10409
5874 5873 0
0 5876 5883
5883 5879 10409
5883 5882 5885
0 8288 5886
10401 10401 5889
10407 10401 5892
10333 10409 5895
10402 10402 5898
10399 10399 5901
10408 10402 5904
10406 10402 5907
10402 10399 5910
10399 10405 5913
5923 5923 5916
10405 5923 5919
10405 10405 5922
10406 0 5925
5941 5941 5928
10399 10405 5931
10405 5941 5934
10405 10405 5937
10401 10405 5940
10405 0 5943
10405 10405 5946
10405 10405 6271
10399 10399 5952
10400 10400 5955
10408 10399 5958
10333 10399 5961
10399 10400 5964
10399 10399 5967
10402 10402 5970
5982 5982 5973
10400 10405 5976
10405 5982 5979
10405 10405 5982
0 10399 5985
10399 10402 5988
10400 10400 5991
10399 10399 5994
6006 6006 5997
10402 10405 6000
10405 6006 6003
10405 10405 6006
0 10400 6009
10400 10399 6012
10402 10402 6015
10399 10405 6018
10405 10402 6021
10405 10405 6024
10338 10402 6030
10402 10402 6039
10402 10405 6036
10405 10405 6039
10404 10402 6039
10405 10402 6271
10401 10401 6045
10399 10399 6048
10408 10401 6051
10333 10401 6054
10401 10399 6057
10401 10401 6060
10402 10402 6063
10408 10401 6066
10352 10401 6069
10401 10402 6072
10402 10405 6075
6085 6085 6078
10405 6085 6081
10405 10405 6084
10404 0 6087
10401 10401 6090
10400 10400 6093
6105 6105 6096
10402 10405 6099
10405 6105 6102
10405 10405 6105
0 10401 6108
10401 10400 6111
10402 10402 6114
10399 10405 6117
10405 10402 6120
10405 10405 6123
10400 10402 6126
10400 10400 6129
10399 10399 6132
6144 6144 6135
10402 10405 6138
10405 6144 6141
10405 10405 6144
0 10400 6147
10400 10399 6150
10406 10409 6153
6165 6165 6156
10409 6165 6159
6166 6166 6162
10409 6166 6165
0 0 6168
6178 6178 6171
10409 6178 6174
10399 10405 6177
10405 0 6180
10405 10405 6183
10406 10409 6186
6198 6198 6189
10409 6198 6192
6199 6199 6195
10409 6199 6198
0 0 6201
6208 6208 6204
10409 6208 6207
6210 0 8891
6211 10399 10399
6214 10407 10399
6217 10333 10409
6220 10402 10402
6223 10400 10400
6226 10408 10402
6229 10406 10402
6232 10402 10400
6235 10400 10405
6238 6248 6248
6241 10405 6248
6244 10405 10405
6247 10406 0
6250 6266 6266
6253 10400 10405
6256 10405 6266
6259 10405 10405
6262 10399 10405
6265 10405 0
6268 10405 10405
6271 10399 10399
6274 10400 10400
6277 10408 10399
6280 10333 10399
6283 10399 10400
6286 10400 10405
6289 6299 6299
6292 10405 6299
6295 10405 10405
6298 10404 0
6301 10405 10405
5006 10399 10399
6307 10400 10400
6310 10408 10399
6313 10406 10399
6316 10399 10400
6319 10400 10405
6322 6332 6332
6325 10405 6332
6328 10405 10405
6331 10406 0
6334 10399 10399
6337 10401 10401
6340 6352 6352
6343 10400 10405
6346 10405 6352
6349 10405 10405
6352 0 10399
6355 10399 10401
6358 10407 10407
6361 10401 10407
6364 10405 10405
6367 6376 6376
6370 10409 6376
6373 10402 10402
6376 0 10402
6379 10404 10409
6382 6391 6391
6385 10409 6391
6388 10401 10401
6391 0 10401
6394 10404 10409
6397 6406 6406
6400 10409 6406
6403 10400 10400
6406 0 10400
6409 10404 10409
6412 6421 6421
6415 10409 6421
6418 10399 10399
6421 0 10399
6424 10404 10409
6427 10409 10409
6430 10408 10409
6433 6442 6442
6436 10409 6442
6439 10408 10408
6442 0 10408
6445 10404 10409
6448 6457 6457
6451 10409 6457
6454 6462 6462
6457 0 6462
6460 10405 10405
0 10406 10409
6466 6478 6478
6469 10409 6478
6472 6479 6479
6475 10409 6479
6478 0 0
6481 6488 6488
6484 10409 6488
6487 10408 0
6490 10408 10408
6493 10409 10408
6496 10406 10409
6499 6511 6511
6502 10409 6511
6505 6512 6512
6508 10409 6512
6511 0 0
6514 6521 6521
6517 10409 6521
6520 10399 0
6523 10406 10409
6526 6538 6538
6529 10409 6538
6532 6539 6539
6535 10409 6539
6538 0 0
6541 6548 6548
6544 10409 6548
6547 10400 0
6550 10406 10409
6553 6565 6565
6556 10409 6565
6559 6566 6566
6562 10409 6566
6565 0 0
6568 6575 6575
6571 10409 6575
6574 10401 0
6577 10399 10399
6580 10400 10400
6583 10408 10399
6586 10333 10399
6589 10399 10400
6592 10399 10399
6595 10401 10401
6598 6610 6610
6601 10400 10405
6604 10405 6610
6607 10405 10405
6610 0 10399
6613 10399 10401
6616 10401 -1
6619 10407 10407
6622 10401 10407
6625 10405 10405
6628 6637 6637
6631 10409 6637
6634 10401 10401
6637 0 10401
6640 10404 10409
6643 6652 6652
6646 10409 6652
6649 10400 10400
6652 0 10400
6655 10404 10409
6658 6667 6667
6661 10409 6667
6664 10399 10399
6667 0 10399
6670 10404 10409
6673 10409 10409
6676 10408 10409
6679 6688 6688
6682 10409 6688
6685 10408 10408
6688 0 10408
6691 10404 10409
6694 6703 6703
6697 10409 6703
6700 6708 6708
6703 0 6708
6706 10405 10405
0 10406 10409
6712 6724 6724
6715 10409 6724
6718 6725 6725
6721 10409 6725
6724 0 0
6727 6734 6734
6730 10409 6734
6733 10408 0
6736 10408 10408
6739 10409 10408
6742 10361 10409
6745 10406 10409
6748 6760 6760
6751 10409 6760
6754 6761 6761
6757 10409 6761
6760 0 0
6763 6770 6770
6766 10409 6770
6769 10399 0
6772 10406 10409
6775 6787 6787
6778 10409 6787
6781 6788 6788
6784 10409 6788
6787 0 0
6790 6797 6797
6793 10409 6797
6796 10400 0
6799 10406 10409
6802 6814 6814
6805 10409 6814
6808 6815 6815
6811 10409 6815
6814 0 0
6817 6824 6824
6820 10409 6824
6823 10401 0
6826 10406 10409
6829 6841 6841
6832 10409 6841
6835 6842 6842
6838 10409 6842
6841 0 0
6844 6851 6851
6847 10409 6851
6850 10402 0
6853 10406 10409
6856 6868 6868
6859 10409 6868
6862 6869 6869
6865 10409 6869
6868 0 0
6871 6878 6878
6874 10409 6878
6877 10403 0
6880 10399 10399
6883 10400 10400
6886 10408 10399
6889 10333 10399
6892 10399 10400
6895 10399 10399
6898 10401 10401
6901 6913 6913
6904 10400 10405
6907 10405 6913
6910 10405 10405
6913 0 10399
6916 10399 10401
6919 10400 10400
6922 10399 10399
6925 10408 10400
6928 10334 10400
6931 10400 10399
6934 10400 10400
6937 10402 10402
6940 6952 6952
6943 10399 10405
6946 10405 6952
6949 10405 10405
6952 0 10400
6955 10400 10402
6958 10399 10399
6961 10402 10405
6964 10405 10399
6967 10405 10405
6970 10401 10399
6973 10405 10399
7099 10399 10399
6979 10400 10400
6982 10408 10399
6985 10333 10399
6988 10399 10400
6991 10399 10399
6994 10401 10401
6997 7009 7009
7000 10400 10405
7003 10405 7009
7006 10405 10405
7009 0 10399
7012 10399 10401
7015 10400 10400
7018 10399 10399
7021 10408 10400
7024 10335 10400
7027 10400 10399
7030 10400 10400
7033 10402 10402
7036 7048 7048
7039 10399 10405
7042 10405 7048
7045 10405 10405
7048 0 10400
7051 10400 10402
7054 7078 7078
7057 7079 7079
7060 7085 7085
7063 10402 10405
7066 10405 7078
7069 10405 7079
7072 10405 7085
7075 10405 10405
7078 0 0
7081 10401 10405
7084 10405 0
7087 10405 10405
7090 10407 10407
7093 10336 10407
7096 10405 10405
8177 10399 10399
7102 10400 10400
7105 10408 10399
7108 10334 10399
7111 10399 10400
7114 10399 10399
7117 10401 10401
7120 7132 7132
7123 10400 10405
7126 10405 7132
7129 10405 10405
7132 0 10399
7135 10399 10401
7138 10400 10400
7141 10399 10399
7144 10408 10400
7147 10406 10400
7150 10400 10399
7153 7177 7177
7156 7178 7178
7159 7184 7184
7162 10399 10405
7165 10405 7177
7168 10405 7178
7171 10405 7184
7174 10405 10405
7177 0 0
7180 10401 10405
7183 10405 0
7186 10405 10405
7189 10401 10401
7192 10399 10399
7195 10408 10401
7198 10352 10401
7201 10401 10399
7204 7228 7228
7207 7229 7229
7210 7235 7235
7213 10399 10405
7216 10405 7228
7219 10405 7229
7222 10405 7235
7225 10405 10405
7228 0 0
7231 10406 10405
7234 10405 0
7237 10405 10405
7240 10399 10399
7243 10400 10400
7246 10408 10399
7249 10406 10399
7252 10399 10400
7255 10399 10399
7258 10401 10401
7261 7273 7273
7264 10400 10405
7267 10405 7273
7270 10405 10405
7273 0 10399
7276 10399 10401
7279 10400 10400
7282 10399 10399
7285 10408 10400
7288 10357 10400
7291 10400 10399
7294 7318 7318
7297 7319 7319
7300 7325 7325
7303 10399 10405
7306 10405 7318
7309 10405 7319
7312 10405 7325
7315 10405 10405
7318 0 0
7321 10401 10405
7324 10405 0
7327 10405 10405
7330 10399 10399
7333 10400 10400
7336 10408 10399
7339 10352 10399
7342 10399 10400
7345 10399 10399
7348 10401 10401
7351 7363 7363
7354 10400 10405
7357 10405 7363
7360 10405 10405
7363 0 10399
7366 10399 10401
7369 10400 10400
7372 10399 10399
7375 10408 10400
7378 10361 10400
7381 10400 10399
7384 7408 7408
7387 7409 7409
7390 7415 7415
7393 10399 10405
7396 10405 7408
7399 10405 7409
7402 10405 7415
7405 10405 10405
7408 0 0
7411 10401 10405
7414 10405 0
7417 10405 10405
7420 10399 10399
7423 10400 10400
7426 10408 10399
7429 10406 10399
7432 10399 10400
7435 10399 10399
7438 10401 10401
7441 7453 7453
7444 10400 10405
7447 10405 7453
7450 10405 10405
7453 0 10399
7456 10399 10401
7459 10400 10400
7462 10399 10399
7465 10408 10400
7468 10406 10400
7471 10400 10399
7474 10400 10400
7477 10402 10402
7480 7492 7492
7483 10399 10405
7486 10405 7492
7489 10405 10405
7492 0 10400
7495 10400 10402
7498 10399 10399
7501 10400 10400
7504 10401 10399
7507 10402 10399
7510 10399 10400
7513 10399 10399
7516 10402 10402
7519 10408 10399
7522 10406 10399
7525 10399 10402
7528 7552 7552
7531 7553 7553
7534 7559 7559
7537 10402 10405
7540 10405 7552
7543 10405 7553
7546 10405 7559
7549 10405 10405
7552 0 0
7555 10400 10405
7558 10405 0
7561 10405 10405
7564 10399 10399
7567 10400 10400
7570 10408 10399
7573 10352 10399
7576 10399 10400
7579 10399 10399
7582 10401 10401
7585 7597 7597
7588 10400 10405
7591 10405 7597
7594 10405 10405
7597 0 10399
7600 10399 10401
7603 10400 10400
7606 10399 10399
7609 10408 10400
7612 10352 10400
7615 10400 10399
7618 10400 10400
7621 10402 10402
7624 7636 7636
7627 10399 10405
7630 10405 7636
7633 10405 10405
7636 0 10400
7639 10400 10402
7642 10399 10399
7645 10400 10400
7648 10401 10399
7651 10402 10399
7654 10399 10400
7657 10399 10399
7660 10402 10402
7663 10408 10399
7666 10352 10399
7669 10399 10402
7672 7696 7696
7675 7697 7697
7678 7703 7703
7681 10402 10405
7684 10405 7696
7687 10405 7697
7690 10405 7703
7693 10405 10405
7696 0 0
7699 10400 10405
7702 10405 0
7705 10405 10405
7708 10403 10403
7711 10400 10400
7714 10408 10403
7717 10333 10403
7720 10403 10400
7723 10403 10403
7726 10401 10401
7729 7741 7741
7732 10400 10405
7735 10405 7741
7738 10405 10405
7741 0 10403
7744 10403 10401
7747 10400 10400
7750 10403 10403
7753 10408 10400
7756 10406 10400
7759 10400 10403
7762 10400 10400
7765 10399 10399
7768 7780 7780
7771 10403 10405
7774 10405 7780
7777 10405 10405
7780 0 10400
7783 10400 10399
7786 10403 10403
7789 10399 10405
7792 10405 10403
7795 10405 10405
7798 10401 10403
7801 10405 10403
8174 10399 10399
7807 10400 10400
7810 10408 10399
7813 10361 10399
7816 10399 10400
7819 10399 10399
7822 10401 10401
7825 7837 7837
7828 10400 10405
7831 10405 7837
7834 10405 10405
7837 0 10399
7840 10399 10401
7843 10400 10400
7846 10399 10399
7849 10408 10400
7852 10335 10400
7855 10400 10399
7858 10400 10400
7861 10402 10402
7864 7876 7876
7867 10399 10405
7870 10405 7876
7873 10405 10405
7876 0 10400
7879 10400 10402
7882 10406 10409
7885 7897 7897
7888 10409 7897
7891 7898 7898
7894 10409 7898
7897 0 0
7900 7910 7910
7903 10409 7910
7906 10402 10405
7909 10405 0
7912 10405 10405
7915 10402 10402
7918 10399 10399
7921 10408 10402
7924 10334 10402
7927 10402 10399
7930 10402 10402
7933 10400 10400
7936 7948 7948
7939 10399 10405
7942 10405 7948
7945 10405 10405
7948 0 10402
7951 10402 10400
7954 10406 10409
7957 7969 7969
7960 10409 7969
7963 7970 7970
7966 10409 7970
7969 0 0
7972 7982 7982
7975 10409 7982
7978 10400 10405
7981 10405 0
7984 10405 10405
7987 10400 10400
7990 10399 10399
7993 10408 10400
7996 10333 10400
7999 10400 10399
8002 10400 10400
8005 10402 10402
8008 8020 8020
8011 10399 10405
8014 10405 8020
8017 10405 10405
8020 0 10400
8023 10400 10402
8026 10399 10399
8029 10400 10400
8032 10408 10399
8035 10357 10399
8038 10399 10400
8041 10399 10399
8044 10403 10403
8047 8059 8059
8050 10400 10405
8053 10405 8059
8056 10405 10405
8059 0 10399
8062 10399 10403
8065 10400 10400
8068 10402 10405
8071 10405 10400
8074 10405 10405
8077 10403 10400
8080 10406 10409
8083 8095 8095
8086 10409 8095
8089 8096 8096
8092 10409 8096
8095 0 0
8098 8108 8108
8101 10409 8108
8104 10400 10405
8107 10405 0
8110 10405 10405
8113 10406 10409
8116 8128 8128
8119 10409 8128
8122 8129 8129
8125 10409 8129
8128 0 0
8131 8138 8138
8134 10409 8138
8137 8140 0
6709 8141 10400
10400 8144 10407
10400 8147 10335
10409 8150 10403
10403 8153 10402
10402 8156 10401
10403 8159 10400
10403 8162 10403
10402 8165 10407
10407 8168 10402
10407 8171 10405
10405 8177 10405
10405 7240 8186
8186 8180 10409
8186 8183 10403
10403 8186 0
10403 8189 10404
10409 8192 8201
8201 8195 10409
8201 8198 10402
10402 8201 0
10402 8204 10404
10409 8207 8216
8216 8210 10409
8216 8213 10401
10401 8216 0
10401 8219 10404
10409 8222 8231
8231 8225 10409
8231 8228 10400
10400 8231 0
10400 8234 10404
10409 8237 8246
8246 8240 10409
8246 8243 10399
10399 8246 0
10399 8249 10404
10409 8252 10409
10409 8255 10408
10409 8258 8267
8267 8261 10409
8267 8264 10408
10408 8267 0
10408 8270 10404
10409 8273 8282
8282 8276 10409
8282 8279 8287
8287 8282 0
8287 8285 10405
10405 0 10406
10409 8291 8303
8303 8294 10409
8303 8297 8304
8304 8300 10409
8304 8303 0
0 8306 8313
8313 8309 10409
8313 8312 10408
0 8315 10408
10408 8318 10409
10408 8321 10406
10409 8324 10406
10409 8327 8339
8339 8330 10409
8339 8333 8340
8340 8336 10409
8340 8339 0
0 8342 8349
8349 8345 10409
8349 8348 10399
0 8351 10406
10409 8354 8366
8366 8357 10409
8366 8360 8367
8367 8363 10409
8367 8366 0
0 8369 8376
8376 8372 10409
8376 8375 10400
0 8378 10406
10409 8381 8393
8393 8384 10409
8393 8387 8394
8394 8390 10409
8394 8393 0
0 8396 8403
8403 8399 10409
8403 8402 10401
0 8405 10406
10409 8408 8420
8420 8411 10409
8420 8414 8421
8421 8417 10409
8421 8420 0
0 8423 8430
8430 8426 10409
8430 8429 10402
0 8432 10399
10399 8435 10400
10400 8438 10408
10399 8441 10333
10399 8444 10399
10400 8447 10399
10399 8450 10401
10401 8453 8465
8465 8456 10400
10405 8459 10405
8465 8462 10405
10405 8465 0
10399 8468 10399
10401 8471 10400
10400 8474 10399
10399 8477 10408
10400 8480 10406
10400 8483 10400
10399 8486 8510
8510 8489 8511
8511 8492 8517
8517 8495 10399
10405 8498 10405
8510 8501 10405
8511 8504 10405
8517 8507 10405
10405 8510 0
0 8513 10401
10405 8516 10405
0 8519 10405
10405 8522 10399
10399 8525 10401
10401 8528 10408
10399 8531 10333
10399 8534 10399
10401 8537 10399
10399 8540 10400
10400 8543 8555
8555 8546 10401
10405 8549 10405
8555 8552 10405
10405 8555 0
10399 8558 10399
10400 8561 10401
10401 8564 10399
10399 8567 8579
8579 8570 10400
10405 8573 10405
8579 8576 10405
10405 8579 0
10401 8582 10401
10399 8585 10400
10400 8588 10399
10405 8591 10405
10400 8597 10405
10405 8606 10405
10405 8600 10399
10400 8603 10399
10400 8606 10405
10400 8693 10399
10399 8612 10400
10400 8615 10408
10399 8618 10333
10399 8621 10399
10400 8624 10399
10399 8627 10401
10401 8630 8642
8642 8633 10400
10405 8636 10405
8642 8639 10405
10405 8642 0
10399 8645 10399
10401 8648 10400
10405 8651 8661
8661 8654 10405
8661 8657 10405
10405 8660 10404
0 8663 10400
10400 8666 10399
10399 8669 8681
8681 8672 10401
10405 8675 10405
8681 8678 10405
10405 8681 0
10400 8684 10400
10399 8687 10399
-1 8690 10405
10405 8522 10399
10399 8696 10400
10400 8699 10408
10399 8702 10333
10399 8705 10399
10400 8708 10399
10399 8711 10401
10401 8714 8726
8726 8717 10400
10405 8720 10405
8726 8723 10405
10405 8726 0
10399 8729 10399
10401 8732 10400
10400 8735 10399
10399 8738 10408
10400 8741 10406
10400 8744 10400
10399 8747 10400
10400 8750 10402
10402 8753 8765
8765 8756 10399
10405 8759 10405
8765 8762 10405
10405 8765 0
10400 8768 10400
10402 8771 10399
10399 8774 10401
10405 8777 10405
10399 8780 10405
10405 8783 10402
10399 8786 10407
10407 8789 10399
10407 8792 10405
10405 8795 8804
8804 8798 10409
8804 8801 10402
10402 8804 0
10402 8807 10404
10409 8810 8819
8819 8813 10409
8819 8816 10401
10401 8819 0
10401 8822 10404
10409 8825 8834
8834 8828 10409
8834 8831 10400
10400 8834 0
10400 8837 10404
10409 8840 8849
8849 8843 10409
8849 8846 10399
10399 8849 0
10399 8852 10404
10409 8855 10409
10409 8858 10408
10409 8861 8870
8870 8864 10409
8870 8867 10408
10408 8870 0
10408 8873 10404
10409 8876 8885
8885 8879 10409
8885 8882 8890
8890 8885 0
8890 8888 10405
10405 0 10406
10409 8894 8906
8906 8897 10409
8906 8900 8907
8907 8903 10409
8907 8906 0
0 8909 8916
8916 8912 10409
8916 8915 10408
0 8918 10408
10408 8921 10409
10408 8924 10406
10409 8927 8939
8939 8930 10409
8939 8933 8940
8940 8936 10409
8940 8939 0
0 8942 8949
8949 8945 10409
8949 8948 10399
0 8951 10406
10409 8954 8966
8966 8957 10409
8966 8960 8967
8967 8963 10409
8967 8966 0
0 8969 8976
8976 8972 10409
8976 8975 10400
0 8978 10406
10409 8981 8993
8993 8984 10409
8993 8987 8994
8994 8990 10409
8994 8993 0
0 8996 9003
9003 8999 10409
9003 9002 10401
0 9005 10406
10409 9008 9020
9020 9011 10409
9020 9014 9021
9021 9017 10409
9021 9020 0
0 9023 9030
9030 9026 10409
9030 9029 10402
0 9032 10399
10399 9035 10400
10400 9038 10408
10399 9041 10333
10399 9044 10399
10400 9047 10399
10399 9050 10401
10401 9053 9065
9065 9056 10400
10405 9059 10405
9065 9062 10405
10405 9065 0
10399 9068 10399
10401 9071 10400
10400 9074 10336
10405 9077 10405
10400 9080 10405
10405 9083 10401
10400 9086 10405
10400 9231 10363
-1 9092 10399
10399 9095 10400
10400 9098 10408
10399 9101 10333
10399 9104 10399
10400 9107 10399
10399 9110 10401
10401 9113 9125
9125 9116 10400
10405 9119 10405
9125 9122 10405
10405 9125 0
10399 9128 10399
10401 9131 10400
10400 9134 10401
10400 9137 10406
10409 9140 9152
9152 9143 10409
9152 9146 9153
9153 9149 10409
9153 9152 0
0 9155 9165
9165 9158 10409
9165 9161 10400
10405 9164 10405
0 9167 10405
10405 9170 10406
10409 9173 9185
9185 9176 10409
9185 9179 9186
9186 9182 10409
9186 9185 0
0 9188 9195
9195 9191 10409
9195 9194 9197
0 9514 9198
10400 10400 9201
10407 10400 9204
10333 10409 9207
10401 10401 9210
10399 10399 9213
10406 10401 9216
10400 10401 9219
10401 10399 9222
10407 10407 9225
10399 10407 9228
10405 10405 9418
10400 10400 9234
10399 10399 9237
10408 10400 9240
10333 10400 9243
10400 10399 9246
10400 10400 9249
10402 10402 9252
9264 9264 9255
10399 10405 9258
10405 9264 9261
10405 10405 9264
0 10400 9267
10400 10402 9270
10399 10399 9273
10402 10405 9276
10405 10399 9279
10405 10405 9282
10336 10399 9285
10405 10399 9406
10399 10399 9291
10400 10400 9294
10408 10399 9297
10333 10399 9300
10399 10400 9303
10399 10399 9306
10401 10401 9309
9321 9321 9312
10400 10405 9315
10405 9321 9318
10405 10405 9321
0 10399 9324
10399 10401 9327
10406 10409 9330
9342 9342 9333
10409 9342 9336
9343 9343 9339
10409 9343 9342
0 0 9345
9355 9355 9348
10409 9355 9351
10401 10405 9354
10405 0 9357
10405 10405 9360
10406 10409 9363
9375 9375 9366
10409 9375 9369
9376 9376 9372
10409 9376 9375
0 0 9378
9385 9385 9381
10409 9385 9384
9387 0 9514
9388 10401 10401
9391 10407 10401
9394 10333 10409
9397 10407 10407
9400 10401 10407
9403 10405 10405
9418 10364 -1
9409 10407 10407
9412 10406 10407
9415 10405 10405
9418 9427 9427
9421 10409 9427
9424 10402 10402
9427 0 10402
9430 10404 10409
9433 9442 9442
9436 10409 9442
9439 10401 10401
9442 0 10401
9445 10404 10409
9448 9457 9457
9451 10409 9457
9454 10400 10400
9457 0 10400
9460 10404 10409
9463 9472 9472
9466 10409 9472
9469 10399 10399
9472 0 10399
9475 10404 10409
9478 10409 10409
9481 10408 10409
9484 9493 9493
9487 10409 9493
9490 10408 10408
9493 0 10408
9496 10404 10409
9499 9508 9508
9502 10409 9508
9505 9513 9513
9508 0 9513
9511 10405 10405
0 10406 10409
9517 9529 9529
9520 10409 9529
9523 9530 9530
9526 10409 9530
9529 0 0
9532 9539 9539
9535 10409 9539
9538 10408 0
9541 10408 10408
9544 10409 10408
9547 10352 10409
9550 10406 10409
9553 9565 9565
9556 10409 9565
9559 9566 9566
9562 10409 9566
9565 0 0
9568 9575 9575
9571 10409 9575
9574 10399 0
9577 10406 10409
9580 9592 9592
9583 10409 9592
9586 9593 9593
9589 10409 9593
9592 0 0
9595 9602 9602
9598 10409 9602
9601 10400 0
9604 10406 10409
9607 9619 9619
9610 10409 9619
9613 9620 9620
9616 10409 9620
9619 0 0
9622 9629 9629
9625 10409 9629
9628 10401 0
9631 10399 10399
9634 10400 10400
9637 10408 10399
9640 10333 10399
9643 10399 10400
9646 10399 10399
9649 10401 10401
9652 9664 9664
9655 10400 10405
9658 10405 9664
9661 10405 10405
9664 0 10399
9667 10399 10401
9670 10400 10400
9673 10401 10405
9676 10405 10400
9679 10405 10405
9682 10336 10400
9685 10405 10400
10209 10399 10399
9691 10400 10400
9694 10408 10399
9697 10352 10399
9700 10399 10400
9703 10406 10409
9706 9718 9718
9709 10409 9718
9712 9719 9719
9715 10409 9719
9718 0 0
9721 9731 9731
9724 10409 9731
9727 10400 10405
9730 10405 0
9733 10405 10405
9736 10406 10409
9739 9751 9751
9742 10409 9751
9745 9752 9752
9748 10409 9752
9751 0 0
9754 9764 9764
9757 10409 9764
9760 10337 10405
9763 10405 0
9766 10405 10405
9769 10400 10400
9772 10399 10399
9775 10408 10400
9778 10333 10400
9781 10400 10399
9784 10400 10400
9787 10401 10401
9790 9802 9802
9793 10399 10405
9796 10405 9802
9799 10405 10405
9802 0 10400
9805 10400 10401
9808 10406 10409
9811 9823 9823
9814 10409 9823
9817 9824 9824
9820 10409 9824
9823 0 0
9826 9836 9836
9829 10409 9836
9832 10401 10405
9835 10405 0
9838 10405 10405
9841 10406 10409
9844 9856 9856
9847 10409 9856
9850 9857 9857
9853 10409 9857
9856 0 0
9859 9866 9866
9862 10409 9866
9865 9868 0
6709 9869 10401
10401 9872 10407
10401 9875 10335
10409 9878 10399
10399 9881 10400
10400 9884 10408
10399 9887 10406
10399 9890 10399
10400 9893 9917
9917 9896 9918
9918 9899 9924
9924 9902 10400
10405 9905 10405
9917 9908 10405
9918 9911 10405
9924 9914 10405
10405 9917 0
0 9920 10401
10405 9923 10405
0 9926 10405
10405 9929 10399
10399 9932 10400
10400 9935 10408
10399 9938 10406
10399 9941 10399
10400 9944 10399
10399 9947 10401
10401 9950 9962
9962 9953 10400
10405 9956 10405
9962 9959 10405
10405 9962 0
10399 9965 10399
10401 9968 10406
10409 9971 9983
9983 9974 10409
9983 9977 9984
9984 9980 10409
9984 9983 0
0 9986 9996
9996 9989 10409
9996 9992 10401
10405 9995 10405
0 9998 10405
10405 10001 10406
10409 10004 10016
10016 10007 10409
10016 10010 10017
10017 10013 10409
10017 10016 0
0 10019 10026
10026 10022 10409
10026 10025 10028
0 9514 10029
10401 10401 10032
10407 10401 10035
10333 10409 10038
10400 10400 10041
10399 10399 10044
10408 10400 10047
10406 10400 10050
10400 10399 10053
10077 10077 10056
10078 10078 10059
10084 10084 10062
10399 10405 10065
10405 10077 10068
10405 10078 10071
10405 10084 10074
10405 10405 10077
0 0 10080
10401 10405 10083
10405 0 10086
10405 10405 10089
10399 10399 10092
10400 10400 10095
10408 10399 10098
10352 10399 10101
10399 10400 10104
10399 10399 10107
10401 10401 10110
10122 10122 10113
10400 10405 10116
10405 10122 10119
10405 10405 10122
0 10399 10125
10399 10401 10128
10400 10400 10131
10399 10399 10134
10364 10400 10137
10401 10400 10140
10400 10399 10143
10399 -1 10146
10399 10399 10149
10400 10400 10152
10408 10399 10155
10406 10399 10158
10399 10400 10161
10399 10399 10164
10401 10401 10167
10179 10179 10170
10400 10405 10173
10405 10179 10176
10405 10405 10179
0 10399 10182
10399 10401 10185
10400 10400 10188
10399 10399 10191
10401 10400 10194
10406 10400 10197
10400 10399 10200
10407 10407 10203
10399 10407 10206
10405 10405 10218
10407 10407 10212
10336 10407 10215
10405 10405 10218
10227 10227 10221
10409 10227 10224
10401 10401 10227
0 10401 10230
10404 10409 10233
10242 10242 10236
10409 10242 10239
10400 10400 10242
0 10400 10245
10404 10409 10248
10257 10257 10251
10409 10257 10254
10399 10399 10257
0 10399 10260
10404 10409 10263
10409 10409 10266
10408 10409 10269
10278 10278 10272
10409 10278 10275
10408 10408 10278
0 10408 10281
10404 10409 10284
10293 10293 10287
10409 10293 10290
10298 10298 10293
0 10298 10296
10405 10405 0
10406 10409 10302
10314 10314 10305
10409 10314 10308
10315 10315 10311
10409 10315 10314
10410 10410 10317
10324 10324 10320
10409 10324 10323
10326 10410 67
10327 10404 10409
10330 10405 10405
-1 -2 -3
-4 0 10
100 107 11
115 12 13
132 139 14
141 148 174
176 188 2
212 23 255
26 3 31
33 37 4
41 45 48
5 53 58
59 6 62
64 66 7
75 101 121
58 32 0
8 83 84
87 114 111
110 103 10
0 9 92
93 97 99
3 35 10383
10374 0 0
0 0 0
-1 0 1
0 10420 -10421
-10327 0 0
0 1 0
0 0 0
-1826 -10411 -14
0 0 0
0 0 0
0 0 0
0 0 0
0 0 0
0 0 0
0 0 0
0 0 0
0 0 0
0 0 0
0 0 0
0 0 0
0 0 0
0 0 0
0 0 0
0 0 0
0 0 0
0 0 0
0 0 0
0 0 0
0 0 0
0 0 0
0 0 0
0 0 0
0 0 0
0 0 0
0 0 0
0 0 0
0 0 0
0 0 0
0 0 0
0 0 0
0 0 0
0 0 0
0 0 0
0 0 0
0 0 0
0 0 0
0 0 0
0 0 0
0 0 0
0 0 0
0 0 0
0 0 0
0 0 0
0 0 0
0 0 0
0 0 0
0 0 0
0 0 0
0 0 0
0 0 0
0 0 0
0 0 0
0 0 0
0 0 0
0 0 0
0 0 0
0 0 0
0 0 0
0 0 0
0 0 0
0 0 0
0 0 0
0 0 0
0 0 0
0 0 0
0 0 0
0 0 0
0 0 0
0 0 0
0 0 0
0 0 0
0 0 0
0 0 0
0 0 0
0 0 0
0 0 0
0 0 0
0 0 0
0 0 0
0 0 0
0 0 0
0 0 0
0 0 0
0 0 0
0 0 0
0 0 0
0 0 0
0 0 0
0 0 0
0 0 0
0 0 0
0 0 0
0 0 0
0 0 0
0 0 0
0 0 0
0 0 0
0 0 0
0 0 0
0 0 0
0 0 0
0 0 0
0 0 0
0 0 0
0 0 0
0 0 0
0 0 0
0 0 0
0 0 0
0 0 0
0 0 0
0 0 0
0 0 0
0 0 0
0 0 0
0 0 0
0 0 0
0 0 0
0 0 0
0 0 0
0 0 0
0 0 0
0 0 0
0 0 0
0 0 0
0 0 0
0 0 0
0 0 0
0 0 0
0 0 0
0 0 0
0 0 0
0 0 0
0 0 0
0 0 0
0 0 0
0 0 0
0 0 0
0 0 0
0 0 0
0 0 0
0 0 0
0 0 0
0 0 0
0 0 0
0 0 0
0 0 0
0 0 0
0 0 0
0 0 0
0 0 0
0 0 0
0 0 0
0 0 0
0 0 0
0 0 0
0 0 0
0 0 0
0 0 0
0 0 0
0 0 0
0 0 0
0 0 0
0 0 0
0 0 0
0 0 0
0 0 0
0 0 0
0 0 0
0 0 0
0 0 0
0 0 0
0 0 0
0 0 0
0 0 0
0 0 0
0 0 0
0 0 0
0 0 0
0 0 0
0 0 0
0 0 0
0 0 0
0 0 0
0 0 0
0 0 0
0 0 0
0 0 0
0 0 0
0 0 0
0 0 0
0 0 0
0 0 0
0 0 0
0 0 0
0 0 0
0 0 0
0 0 0
0 0 0
0 0 0
0 0 0
0 0 0
0 0 0
0 0 0
0 0 0
0 0 0
0 0 0
0 0 0
0 0 0
0 0 0
0 0 0
0 0 0
0 0 0
0 0 0
0 0 0
0 4 20
3 5590599 -665548152
-1159839532 -918643500 875323624
-113152962 1752378880 1953657971
771777121 1954047348 1869491712
1731093876 1647211886 1684826485
6580525 1952539694 97
0 0 0
0 0 0
0 0 0
0 11 1
6 201527 823
112 0 0
4 0 17
7 2 134512820
45236 36 0
0 4 0
36 1 3
205736 936 41644
0 0 4
0 1 3
0 0 45272
42 0 0
